112 112 656
1 1 17232.7
1 4 261558
1 5 -17232.7
1 8 261558
2 2 17232.7
2 3 -261558
2 6 -17232.7
2 7 -261558
3 2 -261558
3 3 314368
3 6 0
3 7 -314368
4 1 261558
4 4 314368
4 5 0
4 8 -314368
5 1 -17232.7
5 4 0
5 5 9811.86
5 8 37628.5
5 9 -9811.86
5 12 37628.5
6 2 -17232.7
6 3 0
6 6 9811.86
6 7 -37628.5
6 10 -9811.86
6 11 -37628.5
7 2 -261558
7 3 -314368
7 6 -37628.5
7 7 51014.2
7 10 3.62564e-08
7 11 -51014.2
8 1 261558
8 4 -314368
8 5 37628.5
8 8 51014.2
8 9 -3.62564e-08
8 12 -51014.2
9 5 -9811.86
9 8 -3.62564e-08
9 9 10030
9 12 41053.6
9 13 -10013.1
9 16 41053.6
10 6 -9811.86
10 7 3.62564e-08
10 10 10030
10 11 -41053.6
10 14 -10013.1
10 15 -41053.6
11 6 -37628.5
11 7 -51014.2
11 10 -41053.6
11 11 52731.7
11 14 13.1955
11 15 -52623.5
12 5 37628.5
12 8 -51014.2
12 9 41053.6
12 12 52731.7
12 13 -13.1955
12 16 -52623.5
13 9 -10013.1
13 12 -13.1955
13 13 10038.5
13 16 40880.5
13 17 -10004.6
13 20 41019
14 10 -10013.1
14 11 13.1955
14 14 10038.5
14 15 -40880.5
14 18 -10004.6
14 19 -41019
15 10 -41053.6
15 11 -52623.5
15 14 -40880.5
15 15 52973.7
15 18 52.3458
15 19 -52222.4
16 9 41053.6
16 12 -52623.5
16 13 40880.5
16 16 52973.7
16 17 -52.3458
16 20 -52222.4
17 13 -10004.6
17 16 -52.3458
17 17 10046.7
17 20 40575.1
17 21 -9996.41
17 24 40985.3
18 14 -10004.6
18 15 52.3458
18 18 10046.7
18 19 -40575.1
18 22 -9996.41
18 23 -40985.3
19 14 -41019
19 15 -52222.4
19 18 -40575.1
19 19 53628.2
19 22 114.924
19 23 -51325.8
20 13 41019
20 16 -52222.4
20 17 40575.1
20 20 53628.2
20 21 -114.924
20 24 -51325.8
21 17 -9996.41
21 20 -114.924
21 21 10054.4
21 24 40162.2
21 25 -9988.78
21 28 40954
22 18 -9996.41
22 19 114.924
22 22 10054.4
22 23 -40162.2
22 26 -9988.78
22 27 -40954
23 18 -40985.3
23 19 -51325.8
23 22 -40162.2
23 23 54817.3
23 26 193.322
23 27 -49880.9
24 17 40985.3
24 20 -51325.8
24 21 40162.2
24 24 54817.3
24 25 -193.322
24 28 -49880.9
25 21 -9988.78
25 24 -193.322
25 25 10060.8
25 28 39702.4
25 29 -9982.44
25 32 40928
26 22 -9988.78
26 23 193.322
26 26 10060.8
26 27 -39702.4
26 30 -9982.44
26 31 -40928
27 22 -40954
27 23 -49880.9
27 26 -39702.4
27 27 56484.1
27 30 273.38
27 31 -48057.2
28 21 40954
28 24 -49880.9
28 25 39702.4
28 28 56484.1
28 29 -273.38
28 32 -48057.2
29 25 -9982.44
29 28 -273.38
29 29 4340.07
29 32 40199.5
29 33 -4137.92
29 36 43965.4
30 26 -9982.44
30 27 273.38
30 30 4340.07
30 31 -40199.5
30 34 -4137.92
30 35 -43965.4
31 26 -40928
31 27 -48057.2
31 30 -40199.5
31 31 44325.1
31 34 552.077
31 35 -18316.8
32 25 40928
32 28 -48057.2
32 29 40199.5
32 32 44325.1
32 33 -552.077
32 36 -18316.8
33 29 -4137.92
33 32 -552.077
33 33 13785.2
33 36 29084.3
33 37 -13746.7
33 40 30462.6
34 30 -4137.92
34 31 552.077
34 34 13785.2
34 35 -29084.3
34 38 -13746.7
34 39 -30462.6
35 30 -43965.4
35 31 -18316.8
35 34 -29084.3
35 35 73615.8
35 38 273.335
35 39 -60573.9
36 29 43965.4
36 32 -18316.8
36 33 29084.3
36 36 73615.8
36 37 -273.335
36 40 -60573.9
37 33 -13746.7
37 36 -273.335
37 37 886.446
37 40 -4121.63
37 41 -372.593
37 44 15881.8
38 34 -13746.7
38 35 273.335
38 38 886.446
38 39 4121.63
38 42 -372.593
38 43 -15881.8
39 34 -30462.6
39 35 -60573.9
39 38 4121.63
39 39 40339.5
39 42 387.066
39 43 11367.8
40 33 30462.6
40 36 -60573.9
40 37 -4121.63
40 40 40339.5
40 41 -387.066
40 44 11367.8
41 37 -372.593
41 40 -387.066
41 41 6492.21
41 44 41205.5
41 45 -6485.8
41 48 41784.8
42 38 -372.593
42 39 387.066
42 42 6492.21
42 43 -41205.5
42 46 -6485.8
42 47 -41784.8
43 38 -15881.8
43 39 11367.8
43 42 -41205.5
43 43 44476
43 46 90.5003
43 47 -33203.8
44 37 15881.8
44 40 11367.8
44 41 41205.5
44 44 44476
44 45 -90.5003
44 48 -33203.8
45 41 -6485.8
45 44 -90.5003
45 45 1045.37
45 48 16303.6
45 49 -526.217
45 52 19434.5
46 42 -6485.8
46 43 90.5003
46 46 1045.37
46 47 -16303.6
46 50 -526.217
46 51 -19434.5
47 42 -41784.8
47 43 -33203.8
47 46 -16303.6
47 47 33890.9
47 50 346.318
47 51 5055.83
48 41 41784.8
48 44 -33203.8
48 45 16303.6
48 48 33890.9
48 49 -346.318
48 52 5055.83
49 45 -526.217
49 48 -346.318
49 49 432.343
49 52 -12117.3
49 53 -77.877
49 56 7169.56
50 46 -526.217
50 47 346.318
50 50 432.343
50 51 12117.3
50 54 -77.877
50 55 -7169.56
51 46 -19434.5
51 47 5055.83
51 50 12117.3
51 51 29044.2
51 54 139.214
51 55 9516.95
52 45 19434.5
52 48 5055.83
52 49 -12117.3
52 52 29044.2
52 53 -139.214
52 56 9516.95
53 49 -77.877
53 52 -139.214
53 53 6226.78
53 56 41266.2
53 57 -6225.46
53 60 41461.6
54 50 -77.877
54 51 139.214
54 54 6226.78
54 55 -41266.2
54 58 -6225.46
54 59 -41461.6
55 50 -7169.56
55 51 9516.95
55 54 -41266.2
55 55 40809.5
55 58 31.1441
55 59 -34335.1
56 49 7169.56
56 52 9516.95
56 53 41266.2
56 56 40809.5
56 57 -31.1441
56 60 -34335.1
57 53 -6225.46
57 56 -31.1441
57 57 1194.2
57 60 22452.9
57 61 -761.653
57 64 23394.2
58 54 -6225.46
58 55 31.1441
58 58 1194.2
58 59 -22452.9
58 62 -761.653
58 63 -23394.2
59 54 -41461.6
59 55 -34335.1
59 58 -22452.9
59 59 29845.5
59 62 363.073
59 63 910.364
60 53 41461.6
60 56 -34335.1
60 57 22452.9
60 60 29845.5
60 61 -363.073
60 64 910.364
61 57 -761.653
61 60 -363.073
61 61 1642.49
61 64 26006
61 65 -1522.17
61 68 31965.6
62 58 -761.653
62 59 363.073
62 62 1642.49
62 63 -26006
62 66 -1522.17
62 67 -31965.6
63 58 -23394.2
63 59 910.364
63 62 -26006
63 63 38236.3
63 66 337.84
63 67 -3892.68
64 57 23394.2
64 60 910.364
64 61 26006
64 64 38236.3
64 65 -337.84
64 68 -3892.68
65 61 -1522.17
65 64 -337.84
65 65 2523.86
65 68 35402.7
65 69 -2496.51
65 72 37447.7
66 62 -1522.17
66 63 337.84
66 66 2523.86
66 67 -35402.7
66 70 -2496.51
66 71 -37447.7
67 62 -31965.6
67 63 -3892.68
67 66 -35402.7
67 67 35452.5
67 70 172.891
67 71 -14522.8
68 61 31965.6
68 64 -3892.68
68 65 35402.7
68 68 35452.5
68 69 -172.891
68 72 -14522.8
69 65 -2496.51
69 68 -172.891
69 69 2517.78
69 72 36134.1
69 73 -2502.54
69 76 37538.1
70 66 -2496.51
70 67 172.891
70 70 2517.78
70 71 -36134.1
70 74 -2502.54
70 75 -37538.1
71 66 -37447.7
71 67 -14522.8
71 70 -36134.1
71 71 33616.8
71 74 121.537
71 75 -16227.8
72 65 37447.7
72 68 -14522.8
72 69 36134.1
72 72 33616.8
72 73 -121.537
72 76 -16227.8
73 69 -2502.54
73 72 -121.537
73 73 4700.63
73 76 55806.6
73 77 -4695.66
73 80 56347.9
74 70 -2502.54
74 71 121.537
74 74 4700.63
74 75 -55806.6
74 78 -4695.66
74 79 -56347.9
75 70 -37538.1
75 71 -16227.8
75 74 -55806.6
75 75 46299.3
75 78 60.9504
75 79 -36580.2
76 69 37538.1
76 72 -16227.8
76 73 55806.6
76 76 46299.3
76 77 -60.9504
76 80 -36580.2
77 73 -4695.66
77 76 -60.9504
77 77 1221
77 80 21982.6
77 81 -1204.92
77 84 24038.1
78 74 -4695.66
78 75 60.9504
78 78 1221
78 79 -21982.6
78 82 -1204.92
78 83 -24038.1
79 74 -56347.9
79 75 -36580.2
79 78 -21982.6
79 79 26715.4
79 82 107.177
79 83 -6046.39
80 73 56347.9
80 76 -36580.2
80 77 21982.6
80 80 26715.4
80 81 -107.177
80 84 -6046.39
81 77 -1204.92
81 80 -107.177
81 81 2824.64
81 84 449.446
81 85 -10.8697
81 88 815.717
82 78 -1204.92
82 79 107.177
82 82 5247.72
82 83 -241.919
82 86 -5.85073
82 87 -439.068
83 78 -24038.1
83 79 -6046.39
83 82 -241.919
83 83 20513.1
83 86 112.255
83 87 5590.5
84 77 24038.1
84 80 -6046.39
84 81 449.446
84 84 20509.6
84 85 -112.105
84 88 5578.75
85 81 -10.8697
85 84 -112.105
85 85 315.849
85 88 8689.89
85 89 -258.804
85 92 13976.7
86 82 -5.85073
86 83 112.255
86 86 315.928
86 87 -8674.59
86 90 -258.739
86 91 -13973.2
87 82 -439.068
87 83 5590.5
87 86 -8674.59
87 87 21060
87 90 103.042
87 91 1729.42
88 81 815.717
88 84 5578.75
88 85 8689.89
88 88 21045.6
88 89 -102.898
88 92 1719
89 85 -258.804
89 88 -102.898
89 89 2697.96
89 92 29093.5
89 93 -2696.41
89 96 29323.5
90 86 -258.739
90 87 103.042
90 90 2697.96
90 91 -29093.3
90 94 -2696.41
90 95 -29323.5
91 86 -13973.2
91 87 1729.42
91 90 -29093.3
91 91 23644.9
91 94 28.1658
91 95 -17634.4
92 85 13976.7
92 88 1719
92 89 29093.5
92 92 23643.4
92 93 -28.1448
92 96 -17635.8
93 89 -2696.41
93 92 -28.1448
93 93 5258.59
93 96 29604.4
93 97 -5257.95
93 100 29707.4
94 90 -2696.41
94 91 28.1658
94 94 5258.59
94 95 -29604.3
94 98 -5257.95
94 99 -29707.4
95 90 -29323.5
95 91 -17634.4
95 94 -29604.3
95 95 30601.6
95 98 18.3376
95 99 -26578.2
96 89 29323.5
96 92 -17635.8
96 93 29604.4
96 96 30600.7
96 97 -18.3254
96 100 -26579
97 93 -5257.95
97 96 -18.3254
97 97 4572.25
97 100 22385.7
97 101 -2549.17
97 104 22496.4
98 94 -5257.95
98 95 18.3376
98 98 5012.24
98 99 -20420.6
98 102 -2325.4
98 103 -20521.7
99 94 -29707.4
99 95 -26578.2
99 98 -20420.6
99 99 33521.5
99 102 1651.87
99 103 -1016.61
100 93 29707.4
100 96 -26579
100 97 22385.7
100 100 32241.7
100 101 -1420.34
100 104 -3678.86
101 97 -2549.17
101 100 -1420.34
101 101 3782.81
101 104 13162.5
101 105 -2952.79
101 108 26575.1
102 98 -2325.4
102 99 1651.87
102 102 3832.64
102 103 -11405
102 106 -2914.4
102 107 -26229.6
103 98 -20521.7
103 99 -1016.61
103 102 -11405
103 103 47912.2
103 106 1404.45
103 107 1941.63
104 97 22496.4
104 100 -3678.86
104 101 13162.5
104 104 46421.4
104 105 -1328.32
104 108 912.932
105 101 -2952.79
105 104 -1328.32
105 105 8342.22
105 108 21816.3
105 109 -7151.48
105 112 24315
106 102 -2914.4
106 103 1404.45
106 106 8592.25
106 107 -21121.7
106 110 -6943.37
106 111 -23607.4
107 102 -26229.6
107 103 1941.63
107 106 -21121.7
107 107 48228.1
107 110 1164.99
107 111 -24172.8
108 101 26575.1
108 104 912.932
108 105 21816.3
108 108 47757.9
108 109 -980.419
108 112 -25077.3
109 105 -7151.48
109 108 -980.419
109 109 2748.52
109 112 -19479.3
110 106 -6943.37
110 107 1164.99
110 110 3176.73
110 111 21118.3
111 106 -23607.4
111 107 -24172.8
111 110 21118.3
111 111 21421.5
112 105 24315
112 108 -25077.3
112 109 -19479.3
112 112 21141.5
